0 50 20
1 71 32
2 101 50
3 147 84
4 201 128
5 278 117
6 378 92
7 469 67
8 568 50
9 701 47
10 863 51
11 1092 48
12 1253 52
13 1502 57
14 1722 68
15 1815 78
16 1805 79
17 1832 81
18 1640 67
19 1437 79
20 1163 79
21 1013 65
22 845 79
23 744 76
24 775 62
25 853 56
26 1008 73
27 1049 80
28 1188 88
29 1313 105
30 1367 113
31 1497 127
32 1490 136
33 1412 161
34 1313 184
35 1148 217
36 906 228
37 756 229
38 702 230
39 524 217
40 538 198
41 538 196
42 603 172
43 678 166
44 788 188
45 901 216
46 1002 222
47 1140 247
48 1208 294
49 1244 369
50 1139 419
51 1051 463
52 926 508
53 754 555
54 613 532
55 480 549
56 423 490
57 347 458
58 299 403
59 315 317
60 329 329
61 368 301
62 440 274
63 520 315
64 607 321
65 664 370
66 728 407
67 762 425
68 804 503
69 793 581
70 818 652
71 706 711
72 593 821
73 499 852
74 387 747
75 359 669
76 318 586
77 297 530
78 344 467
79 340 420
80 361 379
81 430 337
82 530 308
83 585 291
84 682 322
85 795 353
86 874 402
87 907 405
88 952 471
89 906 467
90 851 530
91 858 574
92 787 614
93 731 603
94 597 531
95 516 440
96 414 392
97 429 389
98 412 370
99 443 343
100 449 347
101 479 328
102 549 325
103 655 318
104 781 325
105 892 385
106 974 395
107 993 420
108 1008 472
109 950 507
110 856 595
111 810 628
112 680 628
113 603 578
114 475 536
115 374 433
116 336 421
117 314 389
118 346 359
119 390 292
120 467 298
121 559 308
122 690 294
123 825 316
124 901 348
125 996 373
126 954 384
127 946 419
128 975 426
129 936 440
130 926 481
131 836 496
132 668 480
133 582 493
134 450 513
135 423 480
136 360 418
137 361 404
138 383 346
139 418 292
140 490 278
141 627 294
142 702 314
143 797 386
144 790 486
145 786 517
146 786 588
147 780 605
148 700 618
149 719 643
150 721 565
151 738 516
152 652 477
153 554 506
154 415 460
155 312 426
156 257 376
157 288 330
158 309 293
159 417 229
160 504 233
161 634 252
162 785 271
163 937 265
164 1101 304
165 1181 311
166 1248 344
167 1264 387
168 1205 442
169 1082 470
170 847 524
171 620 597
172 507 556
173 361 501
174 310 447
175 275 401
176 283 382
177 300 297
178 368 304
179 446 277
180 506 252
181 636 254
182 780 299
183 903 327
184 973 341
185 1043 383
186 1036 452
187 1004 478
188 944 517
189 849 527
190 725 556
191 628 570
192 547 542
193 413 507
194 397 434
195 380 429
196 361 390
197 362 360
198 417 348
199 503 316
200 596 308
201 704 324
202 824 357
203 919 359
204 937 395
205 913 441
206 885 459
207 798 484
208 747 544
209 729 536
210 754 538
211 690 481
212 653 444
213 566 416
214 523 392
215 422 323
216 367 308
217 392 263
218 407 243
219 467 254
220 581 249
221 731 272
222 933 335
223 1026 389
224 1064 456
225 1074 508
226 1051 567
227 921 592
228 811 561
229 734 494
230 698 465
231 614 464
232 473 479
233 382 414
234 285 354
235 241 314
236 257 218
237 306 185
238 414 158
239 524 138
240 640 136
241 830 146
242 967 174
243 1119 207
244 1289 257
245 1324 295
246 1361 352
247 1303 412
248 1227 517
249 1043 520
250 891 492
251 669 498
252 431 387
253 247 314
254 230 235
255 250 166
256 262 158
257 287 132
258 357 122
259 455 125
260 609 129
261 793 169
262 1025 222
263 1191 268
264 1402 317
265 1582 379
266 1652 410
267 1576 431
268 1254 434
269 1026 433
270 801 409
271 493 360
272 345 300
273 304 272
274 283 244
275 297 204
276 355 193
277 394 183
278 485 197
279 583 230
280 701 239
281 882 266
282 1061 308
283 1186 337
284 1363 401
285 1443 468
286 1316 492
287 1081 529
288 810 591
289 593 565
290 406 537
291 310 408
292 283 325
293 263 274
294 271 233
295 287 224
296 322 231
297 367 233
298 450 242
299 564 251
300 711 317
301 831 355
302 983 426
303 1108 506
304 1184 592
305 1167 652
306 1047 678
307 800 717
308 629 647
309 481 598
310 368 545
311 308 513
312 286 426
313 266 404
314 257 310
315 301 275
316 369 268
317 453 248
318 536 227
319 651 265
320 825 296
321 985 352
322 1057 390
323 1098 463
324 1126 529
325 1138 621
326 983 638
327 821 634
328 632 615
329 517 566
330 408 531
331 316 469
332 273 384
333 273 293
334 268 254
335 304 203
336 387 207
337 452 217
338 549 256
339 666 289
340 819 322
341 949 387
342 1090 453
343 1168 491
344 1183 532
345 1131 557
346 1006 625
347 795 644
348 547 691
349 374 570
350 304 511
351 270 487
352 280 349
353 271 328
354 310 249
355 354 253
356 465 229
357 551 235
358 634 237
359 749 260
360 822 308
361 990 335
362 1131 373
363 1176 420
364 1144 449
365 1060 464
366 952 495
367 849 494
368 656 524
369 534 481
370 442 435
371 347 404
372 313 362
373 356 331
374 400 263
375 404 261
376 463 288
377 508 316
378 619 340
379 693 370
380 797 444
381 879 547
382 950 604
383 966 624
384 925 635
385 793 659
386 695 715
387 497 710
388 378 650
389 316 558
390 258 472
391 242 440
392 256 327
393 265 311
394 285 293
395 336 280
396 405 294
397 483 295
398 580 307
399 739 332
400 871 319
401 1023 366
402 1169 394
403 1216 464
404 1206 483
405 1137 516
406 982 529
407 819 530
408 600 527
409 467 504
410 408 444
411 385 410
412 339 409
413 338 330
414 363 344
415 403 361
416 445 383
417 483 380
418 545 398
419 646 421
420 716 469
421 796 510
422 810 566
423 820 589
424 788 662
425 763 684
426 666 732
427 510 732
428 403 709
429 342 612
430 325 513
431 329 504
432 322 457
433 302 442
434 294 363
435 313 329
436 347 319
437 400 344
438 478 331
439 567 349
440 600 369
441 682 371
442 764 371
443 817 423
444 821 473
445 834 556
446 842 607
447 891 595
448 882 604
449 807 580
450 697 537
451 612 510
452 473 471
453 445 343
454 429 333
455 386 341
456 364 340
457 369 317
458 403 330
459 488 306
460 567 286
461 642 294
462 765 296
463 885 356
464 970 432
465 1030 483
466 1032 541
467 989 584
468 900 598
469 829 542
470 785 514
471 681 506
472 558 500
473 500 476
474 466 400
475 457 345
476 435 319
477 439 296
478 483 264
479 569 264
480 659 246
481 731 232
482 813 253
483 943 296
484 1018 353
485 1104 388
486 1122 405
487 1041 411
488 1040 416
489 993 407
490 819 427
491 748 409
492 593 403
493 490 380
494 446 372
495 444 308
496 472 254
497 522 275
498 609 271
499 644 257
500 687 276
501 746 306
502 823 339
503 922 419
504 944 417
505 973 461
506 980 499
507 883 522
508 831 564
509 767 608
510 605 592
511 496 553
512 406 470
513 384 430
514 384 404
515 444 362
516 472 311
517 538 302
518 571 324
519 565 320
520 594 367
521 644 370
522 671 404
523 719 449
524 822 476
525 867 543
526 845 598
527 759 659
528 631 708
529 518 717
530 437 667
531 380 628
532 365 542
533 386 467
534 408 420
535 447 422
536 449 412
537 426 415
538 448 375
539 532 341
540 633 320
541 730 308
542 846 298
543 918 320
544 979 335
545 1037 409
546 981 455
547 866 493
548 758 454
549 648 477
550 539 439
551 516 442
552 552 419
553 583 345
554 574 282
555 591 294
556 571 282
557 579 301
558 552 322
559 546 338
560 591 360
561 633 396
562 721 416
563 763 470
564 772 491
565 795 565
566 721 617
567 658 614
568 641 656
569 571 646
570 518 565
571 458 542
572 490 471
573 494 396
574 520 340
575 490 331
576 518 299
577 547 301
578 601 309
579 650 319
580 765 320
581 774 346
582 799 353
583 838 382
584 885 478
585 858 501
586 738 510
587 630 553
588 543 548
589 507 555
590 465 483
591 471 444
592 453 424
593 493 418
594 514 427
595 564 394
596 574 406
597 594 391
598 630 345
599 644 333
600 695 334
601 787 334
602 889 322
603 974 309
604 1033 333
605 970 356
606 892 419
607 788 428
608 672 418
609 655 394
610 664 334
611 664 269
612 765 261
613 827 256
614 849 270
615 764 277
616 721 303
617 675 364
618 685 368
619 671 365
620 751 381
621 797 378
622 848 383
623 860 397
624 861 418
625 749 444
626 618 461
627 543 461
628 493 398
629 462 347
630 464 261
631 538 254
632 625 240
633 710 233
634 782 228
635 891 240
636 982 268
637 1044 277
638 1154 297
639 1084 304
640 1089 304
641 1144 329
642 1060 321
643 941 326
644 807 350
645 692 377
646 592 363
647 550 317
648 556 290
649 590 234
650 614 242
651 677 258
652 757 259
653 811 301
654 817 323
655 818 340
656 815 362
657 859 378
658 987 387
659 965 392
660 907 405
661 814 455
662 698 488
663 584 477
664 491 410
665 465 373
666 442 353
667 451 319
668 499 327
669 533 352
670 532 347
671 611 344
672 693 331
673 804 315
674 881 342
675 920 327
676 962 359
677 908 379
678 869 412
679 829 472
680 794 475
681 679 454
682 599 450
683 568 429
684 525 398
685 523 410
686 516 391
687 501 411
688 511 379
689 609 393
690 609 400
691 693 403
692 721 349
693 771 388
694 843 388
695 930 410
696 892 453
697 834 509
698 787 474
699 768 483
700 716 481
