0 20 10
1 28 14
2 44 21
3 68 31
4 105 43
5 151 58
6 220 47
7 301 46
8 439 28
9 640 36
10 920 33
11 1193 43
12 1534 54
13 1852 64
14 2132 72
15 2019 88
16 1902 120
17 1696 154
18 1396 157
19 1046 172
20 788 183
21 597 123
22 533 107
23 507 113
24 470 109
25 495 102
26 604 121
27 742 111
28 926 134
29 1162 151
30 1325 207
31 1434 254
32 1556 278
33 1554 303
34 1405 365
35 1228 428
36 901 503
37 639 485
38 476 419
39 349 321
40 320 275
41 310 217
42 348 139
43 391 105
44 490 96
45 623 125
46 746 142
47 914 184
48 1127 203
49 1279 213
50 1388 229
51 1426 282
52 1467 330
53 1423 380
54 1149 455
55 862 465
56 725 444
57 524 397
58 407 283
59 371 234
60 384 210
61 416 174
62 498 176
63 578 189
64 677 166
65 815 192
66 934 236
67 1073 259
68 1216 275
69 1304 317
70 1322 367
71 1264 424
72 1165 456
73 989 478
74 782 490
75 575 448
76 500 410
77 406 322
78 382 281
79 387 263
80 443 245
81 500 236
82 574 194
83 685 211
84 798 249
85 950 261
86 1073 293
87 1180 318
88 1281 378
89 1202 439
90 1073 443
91 948 472
92 749 476
93 588 511
94 442 515
95 349 520
96 322 445
97 343 412
98 363 383
99 399 391
100 422 364
101 466 334
102 546 314
103 645 325
104 718 366
105 739 357
106 803 349
107 887 382
108 950 437
109 971 475
110 976 462
111 824 469
112 713 524
113 635 584
114 566 559
115 498 552
116 538 502
117 461 460
118 476 396
119 459 379
120 461 339
121 520 337
122 577 329
123 658 337
124 703 343
125 729 352
126 794 418
127 833 430
128 886 462
129 906 468
130 935 471
131 912 459
132 847 456
133 792 445
134 650 419
135 540 402
136 432 383
137 418 376
138 416 378
139 444 377
140 483 375
141 541 369
142 557 382
143 601 414
144 663 451
145 719 490
146 792 545
147 808 567
148 799 556
149 778 534
150 674 506
151 623 473
152 601 546
153 555 517
154 446 565
155 376 562
156 338 519
157 349 471
158 367 415
159 406 391
160 443 367
161 518 353
162 573 337
163 606 373
164 698 386
165 754 449
166 732 495
167 728 501
168 726 487
169 777 510
170 725 535
171 713 501
172 686 507
173 625 543
174 525 585
175 423 567
176 334 545
177 297 492
178 329 449
179 380 399
180 400 378
181 454 383
182 508 379
183 579 400
184 633 410
185 636 444
186 581 520
187 608 537
188 611 583
189 653 625
190 703 596
191 716 575
192 668 565
193 601 549
194 574 531
195 526 522
196 488 484
197 438 476
198 430 446
199 406 430
200 433 438
201 480 476
202 578 491
203 596 482
204 634 547
205 586 595
206 585 616
207 502 617
208 527 637
209 489 601
210 492 573
211 539 537
212 552 501
213 560 488
214 493 478
215 434 449
216 381 463
217 377 494
218 353 495
219 380 507
220 442 482
221 522 473
222 596 482
223 649 516
224 629 524
225 608 531
226 538 580
227 471 596
228 528 577
229 580 515
230 654 479
231 668 445
232 650 458
233 638 466
234 555 519
235 487 522
236 470 495
237 471 470
238 494 462
239 530 439
240 544 414
241 624 406
242 689 420
243 679 415
244 724 427
245 743 443
246 729 430
247 709 453
248 705 454
249 793 434
250 827 447
251 808 453
252 751 443
253 743 473
254 639 528
255 521 534
256 486 505
257 499 468
258 514 405
259 541 354
260 551 333
261 626 325
262 646 408
263 668 396
264 656 408
265 593 387
266 575 399
267 601 475
268 637 503
269 680 492
270 691 475
271 676 448
272 697 464
273 649 483
274 633 480
275 600 479
276 525 511
277 477 522
278 468 526
279 487 452
280 529 478
281 562 507
282 600 495
283 614 513
284 600 502
285 622 519
286 647 532
287 648 545
288 616 491
289 601 479
290 580 465
291 589 478
292 556 542
293 565 594
294 478 614
295 408 620
296 374 581
297 349 498
298 396 470
299 463 368
300 521 358
301 588 346
302 598 367
303 586 394
304 585 429
305 589 492
306 624 479
307 671 437
308 766 406
309 884 372
310 941 369
311 1051 392
312 1001 425
313 879 455
314 607 460
315 509 455
316 451 463
317 441 373
318 458 313
319 567 270
320 632 270
321 707 301
322 742 340
323 698 385
324 610 415
325 574 392
326 598 415
327 647 431
328 710 433
329 787 402
330 834 419
331 830 482
332 728 525
333 638 557
334 525 556
335 468 476
336 526 430
337 608 361
338 612 327
339 638 341
340 725 362
341 728 389
342 711 450
343 685 489
344 638 493
345 647 482
346 659 513
347 739 499
348 747 512
349 746 527
350 722 560
351 685 528
352 549 527
353 441 484
354 387 458
355 398 420
356 395 362
357 460 388
358 497 387
359 503 386
360 575 371
361 589 414
362 651 435
363 723 463
364 755 475
365 737 487
366 710 545
367 756 554
368 754 560
369 765 556
370 764 593
371 627 551
372 582 502
373 477 442
374 475 419
375 405 408
376 410 359
377 438 291
378 515 329
379 540 376
380 587 380
381 626 384
382 629 450
383 712 484
384 705 504
385 722 518
386 755 513
387 782 509
388 742 526
389 727 550
390 648 567
391 577 561
392 470 510
393 396 476
394 395 433
395 392 421
396 376 413
397 394 352
398 461 345
399 548 325
400 594 317
401 622 350
402 674 408
403 633 471
404 668 503
405 712 530
406 766 504
407 807 520
408 834 492
409 865 455
410 951 456
411 916 459
412 767 470
413 575 454
414 421 408
415 387 334
416 387 300
417 384 261
418 471 237
419 571 249
420 688 274
421 771 304
422 847 329
423 911 379
424 934 406
425 917 418
426 883 392
427 906 394
428 988 385
429 962 383
430 941 378
431 781 391
432 635 403
433 563 390
434 470 365
435 422 316
436 488 292
437 568 267
438 625 229
439 684 288
440 719 314
441 722 312
442 807 338
443 801 353
444 780 359
445 797 365
446 859 348
447 910 395
448 902 392
449 813 396
450 803 416
451 714 458
452 573 498
453 553 530
454 483 497
455 521 427
456 510 335
457 516 328
458 537 337
459 564 340
460 589 351
461 594 357
462 615 353
463 687 345
464 723 394
465 811 436
466 774 497
467 814 491
468 780 495
469 815 540
470 811 513
471 743 498
472 642 462
473 545 437
474 573 392
475 538 334
476 513 297
477 453 308
478 432 339
479 398 345
480 421 278
481 466 291
482 524 295
483 579 290
484 691 331
485 795 371
486 874 427
487 921 460
488 951 454
489 967 428
490 1016 446
491 861 434
492 809 400
493 723 396
494 639 405
495 574 436
496 560 448
497 564 422
498 586 395
499 655 398
500 690 371
