0 50 20
1 76 27
2 113 36
3 166 54
4 243 82
5 335 122
6 450 112
7 545 79
8 696 61
9 854 62
10 940 63
11 1135 82
12 1307 75
13 1519 93
14 1614 107
15 1703 139
16 1585 163
17 1482 173
18 1270 144
19 1032 151
20 975 168
21 903 213
22 824 212
23 699 214
24 741 187
25 736 185
26 724 193
27 802 191
28 927 207
29 1040 237
30 1168 276
31 1244 339
32 1222 384
33 1143 425
34 1060 416
35 950 405
36 783 415
37 649 421
38 527 406
39 453 360
40 415 296
41 404 247
42 409 245
43 454 216
44 546 214
45 676 218
46 790 222
47 897 249
48 1052 305
49 1242 357
50 1395 438
51 1347 508
52 1143 584
53 904 608
54 716 599
55 568 572
56 432 547
57 325 527
58 270 424
59 244 343
60 257 303
61 294 299
62 338 263
63 383 245
64 457 249
65 552 303
66 645 336
67 743 357
68 855 430
69 950 495
70 1029 557
71 1074 655
72 1011 686
73 861 786
74 655 827
75 499 813
76 389 703
77 292 528
78 269 488
79 270 401
80 290 387
81 295 300
82 337 269
83 378 247
84 476 271
85 528 273
86 663 257
87 774 302
88 883 327
89 917 372
90 992 475
91 1081 586
92 1038 690
93 827 719
94 681 779
95 512 785
96 354 739
97 274 649
98 233 554
99 192 470
100 184 403
101 207 368
102 225 351
103 240 286
104 289 319
105 360 333
106 444 375
107 536 327
108 634 358
109 772 415
110 886 466
111 989 544
112 994 594
113 843 684
114 754 746
115 667 798
116 568 825
117 432 758
118 323 613
119 279 525
120 294 477
121 267 393
122 268 338
123 291 329
124 338 261
125 414 249
126 503 266
127 525 303
128 573 331
129 687 340
130 840 334
131 962 379
132 1052 449
133 1118 468
134 1120 514
135 1065 546
136 941 561
137 712 564
138 512 591
139 430 536
140 367 461
141 320 402
142 288 325
143 306 289
144 329 256
145 387 260
146 454 280
147 586 291
148 723 327
149 849 373
150 897 413
151 988 455
152 1065 490
153 1062 556
154 1063 668
155 912 657
156 749 616
157 588 627
158 439 603
159 340 534
160 338 458
161 322 381
162 286 274
163 334 230
164 367 211
165 407 216
166 472 221
167 583 267
168 709 272
169 815 318
170 898 353
171 983 391
172 1041 429
173 1115 495
174 1067 581
175 993 587
176 889 586
177 731 618
178 527 571
179 399 513
180 325 431
181 257 373
182 258 399
183 268 384
184 297 411
185 333 358
186 393 384
187 470 410
188 566 457
189 616 457
190 713 491
191 773 518
192 821 538
193 933 592
194 922 644
195 799 734
196 654 703
197 469 670
198 387 560
199 336 491
200 289 447
201 293 404
202 310 406
203 312 370
204 343 332
205 401 352
206 464 377
207 506 381
208 564 403
209 605 425
210 700 466
211 751 522
212 807 586
213 878 653
214 789 693
215 740 778
216 592 819
217 446 742
218 346 689
219 283 679
220 269 626
221 242 553
222 256 479
223 274 423
224 320 379
225 355 362
226 411 332
227 444 330
228 488 333
229 535 362
230 595 395
231 635 432
232 708 437
233 741 448
234 774 498
235 787 544
236 778 552
237 789 573
238 728 543
239 679 522
240 546 563
241 470 577
242 361 539
243 327 466
244 345 402
245 354 396
246 368 323
247 423 295
248 473 311
249 564 307
250 669 322
251 773 354
252 834 375
253 879 422
254 893 465
255 1003 483
256 1014 470
257 934 485
258 890 519
259 726 518
260 616 477
261 513 496
262 454 462
263 443 419
264 449 360
265 454 327
266 495 343
267 561 341
268 575 340
269 613 391
270 650 408
271 659 448
272 659 439
273 693 481
274 775 504
275 850 503
276 857 508
277 831 511
278 751 471
279 677 519
280 578 502
281 483 467
282 436 488
283 432 507
284 427 478
285 446 463
286 483 492
287 474 470
288 490 481
289 514 530
290 562 508
291 582 551
292 547 583
293 575 520
294 624 545
295 670 539
296 594 542
297 552 566
298 505 606
299 475 533
300 440 557
301 404 571
302 420 541
303 403 525
304 386 478
305 360 468
306 399 432
307 493 423
308 584 438
309 629 414
310 655 411
311 671 412
312 746 450
313 776 520
314 762 540
315 732 588
316 735 578
317 748 555
318 732 574
319 616 529
320 468 556
321 435 526
322 419 535
323 417 519
324 433 505
325 427 468
326 399 458
327 408 507
328 427 398
329 490 343
330 569 352
331 656 422
332 689 417
333 744 439
334 727 458
335 648 433
336 675 453
337 719 416
338 722 422
339 705 437
340 690 455
341 636 523
342 629 529
343 574 496
344 518 432
345 485 434
346 469 479
347 512 468
348 520 486
349 499 473
350 521 475
351 543 479
352 546 536
353 546 558
354 592 541
355 633 525
356 671 479
357 769 479
358 777 445
359 683 493
360 624 574
361 590 596
362 537 566
363 556 505
364 564 459
365 606 436
366 653 458
367 663 462
368 678 496
369 613 527
370 570 571
371 549 568
372 534 569
373 546 534
374 593 490
375 600 477
376 577 526
377 543 600
378 485 638
379 466 621
380 455 604
381 461 528
382 530 482
383 494 440
384 520 388
385 574 390
386 628 411
387 678 410
388 736 462
389 711 487
390 719 452
391 644 411
392 630 411
393 647 425
394 654 462
395 700 475
396 736 480
397 638 479
398 645 525
399 619 529
400 593 487
401 565 439
402 563 392
403 576 354
404 604 399
405 628 407
406 607 438
407 641 420
408 660 454
409 679 428
410 680 468
411 666 486
412 700 505
413 691 511
414 674 503
415 621 553
416 616 496
417 641 461
418 649 431
419 644 395
420 604 405
421 587 367
422 601 326
423 610 337
424 629 321
425 685 280
426 715 249
427 789 245
428 866 251
429 876 253
430 932 251
431 961 247
432 1041 256
433 1044 258
434 1061 255
435 1049 271
436 1026 290
437 918 305
438 821 292
439 768 263
440 749 273
441 769 271
442 798 285
443 819 269
444 827 256
445 876 296
446 845 315
447 822 329
448 816 346
449 742 372
450 736 358
451 725 344
452 736 357
453 723 353
454 763 361
455 748 355
456 735 366
457 767 368
458 767 377
459 798 359
460 861 334
461 919 306
462 922 298
463 960 334
464 874 357
465 774 421
466 717 432
467 729 447
468 661 385
469 634 386
470 569 404
471 546 458
472 488 471
473 451 435
474 479 399
475 436 356
476 445 331
477 463 283
478 515 261
479 575 266
480 609 274
481 671 238
482 780 256
483 858 275
484 942 308
485 994 356
486 998 386
487 1005 393
488 986 421
489 919 440
490 813 409
491 737 375
492 656 375
493 562 332
494 510 313
495 503 293
496 557 305
497 603 282
498 649 243
499 680 222
500 757 223
501 834 278
502 863 288
503 932 274
504 1003 310
505 1053 342
506 1079 376
507 992 360
508 971 366
509 946 377
510 919 372
511 777 369
512 663 342
513 607 325
514 598 326
515 576 246
516 668 186
517 712 168
518 829 162
519 906 148
520 991 149
521 1037 169
522 1067 180
523 1082 191
524 1169 186
525 1157 187
526 1164 189
527 1094 204
528 1017 184
529 941 220
530 827 244
531 757 253
532 720 270
533 740 248
534 735 212
535 755 174
536 791 189
537 860 207
538 945 183
539 945 187
540 984 217
541 991 237
542 962 264
543 963 273
544 964 291
545 972 296
546 986 292
547 853 289
548 834 292
549 792 299
550 822 310
551 809 264
552 804 255
553 763 239
554 734 256
555 671 280
556 682 283
557 687 291
558 720 320
559 720 344
560 734 355
561 779 346
562 876 334
563 885 355
564 867 362
565 815 366
566 785 326
567 776 315
568 783 255
569 774 230
570 840 207
571 847 218
572 824 231
573 834 219
574 842 202
575 845 234
576 953 206
577 960 210
578 934 220
579 943 188
580 989 198
581 1089 159
582 1150 130
583 1145 131
584 1158 143
585 1067 148
586 1015 154
587 920 137
588 896 144
589 864 148
590 866 154
591 866 144
592 881 163
593 919 175
594 947 178
595 958 188
596 1054 174
597 1075 183
598 1038 206
599 1013 192
600 1015 198
601 982 203
602 993 212
603 933 220
604 938 227
605 920 218
606 916 209
607 867 187
608 890 186
609 872 194
610 825 188
611 891 171
612 910 182
613 868 183
614 913 203
615 973 230
616 950 254
617 908 297
618 944 327
619 891 346
620 870 354
621 855 320
622 798 341
623 769 317
624 736 323
625 769 307
626 735 278
627 671 257
628 714 254
629 706 217
630 726 248
631 725 278
632 738 319
633 779 318
634 826 362
635 830 382
636 855 409
637 842 415
638 841 400
639 844 377
640 821 395
641 775 408
642 750 394
643 729 359
644 748 324
645 707 298
646 669 305
647 657 286
648 620 276
649 649 262
650 635 258
651 604 279
652 629 287
653 624 274
654 660 297
655 787 309
656 869 349
657 857 348
658 876 340
659 967 350
660 1056 372
661 1093 391
662 1107 398
663 1010 339
664 915 313
665 742 331
666 649 345
667 701 354
668 635 337
669 587 275
670 597 246
671 683 231
672 698 207
673 712 245
674 774 243
675 782 263
676 813 262
677 837 242
678 935 242
679 1009 227
680 1021 232
681 998 234
682 1027 230
683 990 228
684 932 249
685 848 234
686 784 247
687 729 231
688 760 212
689 786 212
690 869 200
691 928 222
692 955 225
693 980 203
694 989 242
695 1006 255
696 949 245
697 1006 261
698 1014 259
699 985 263
700 864 282
701 834 318
702 737 277
703 669 278
704 645 259
705 620 286
706 634 249
707 700 219
708 796 190
709 868 216
710 958 208
711 1040 217
712 963 217
713 980 213
714 1011 214
715 1098 214
716 1025 206
717 1030 197
718 959 210
719 900 231
720 808 252
721 791 252
722 764 283
723 726 343
724 667 309
725 622 315
726 651 299
727 673 283
728 735 294
729 763 283
730 791 313
731 775 332
732 817 327
733 824 309
734 850 326
735 867 370
736 852 399
737 832 423
738 811 472
739 765 501
740 733 472
741 607 455
742 534 461
743 492 413
744 483 422
745 464 399
746 451 476
747 497 454
748 501 421
749 554 415
750 581 377
751 573 408
752 604 440
753 642 427
754 671 457
755 732 449
756 745 492
757 755 511
758 763 554
759 703 510
760 700 481
761 620 459
762 595 468
763 631 394
764 672 365
765 695 348
766 746 299
767 717 299
768 751 295
769 754 311
770 747 297
771 750 311
772 844 312
773 950 350
774 979 357
775 976 373
776 903 397
777 833 462
778 790 449
779 735 436
780 692 419
781 622 406
782 619 411
783 637 378
784 622 335
785 682 353
786 657 330
787 633 303
788 739 259
789 770 291
790 757 297
791 733 296
792 755 329
793 777 319
794 766 311
795 825 359
796 804 377
797 793 409
798 839 451
799 763 418
800 769 393
801 740 402
802 678 402
803 659 415
804 622 349
805 658 365
806 656 353
807 653 358
808 652 330
809 623 333
810 635 300
811 628 279
812 705 296
813 781 310
814 798 288
815 846 289
816 862 292
817 934 291
818 876 265
819 828 275
820 800 262
821 749 264
822 734 282
823 761 292
824 706 323
825 767 345
826 826 351
827 782 324
828 766 366
829 771 384
830 740 385
831 758 370
832 786 362
833 751 354
834 699 346
835 638 364
836 650 425
837 587 450
838 566 489
839 549 480
840 549 495
841 579 492
842 651 469
843 669 433
844 670 422
845 700 445
846 653 457
847 650 429
848 665 405
849 632 418
850 645 403
851 681 395
852 707 379
853 758 381
854 809 408
855 788 425
856 705 474
857 742 510
858 740 517
859 699 434
860 721 395
861 675 425
862 611 421
863 546 464
864 451 464
865 437 472
866 451 530
867 397 509
868 431 468
869 476 464
870 544 443
871 586 451
872 608 501
873 598 567
874 585 608
875 593 614
876 579 618
877 576 622
878 603 517
879 627 515
880 657 526
881 634 529
882 591 581
883 549 661
884 503 657
885 418 562
886 369 458
887 387 442
888 435 423
889 455 421
890 478 423
891 482 460
892 506 494
893 547 533
894 523 561
895 526 538
896 555 539
897 582 487
898 572 486
899 593 504
900 605 530
901 596 561
902 564 580
903 506 550
904 550 516
905 567 490
906 630 433
907 672 395
908 710 387
909 742 375
910 747 408
911 676 416
912 619 413
913 636 437
914 617 389
915 638 342
916 669 351
917 706 360
918 706 428
919 694 505
920 686 571
921 608 610
922 533 604
923 553 535
924 597 455
925 633 439
926 702 371
927 731 396
928 678 416
929 668 453
930 617 393
931 577 362
932 561 351
933 574 337
934 586 358
935 659 356
936 717 384
937 698 409
938 710 435
939 628 452
940 590 440
941 560 442
942 561 445
943 580 422
944 652 411
945 716 470
946 755 477
947 764 509
948 689 520
949 600 533
950 560 508
951 532 441
952 532 376
953 597 330
954 660 307
955 723 322
956 767 309
957 731 346
958 765 370
959 718 395
960 729 385
961 753 337
962 850 293
963 915 347
964 979 408
965 922 415
966 869 441
967 709 406
968 632 370
969 639 330
970 649 321
971 707 293
972 774 264
973 822 246
974 871 300
975 876 341
976 828 370
977 778 370
978 752 356
979 769 313
980 798 307
981 805 315
982 857 354
983 834 395
984 777 464
985 658 476
986 567 444
987 489 435
988 468 383
989 526 369
990 636 334
991 715 325
992 739 329
993 756 327
994 689 385
995 718 393
996 668 392
997 682 424
998 702 409
999 749 351
1000 840 357
1001 933 385
1002 894 396
1003 835 424
1004 640 456
1005 525 442
1006 450 386
1007 447 329
1008 484 282
1009 517 294
1010 611 286
1011 683 279
1012 701 312
1013 686 340
1014 642 409
1015 636 437
1016 633 387
1017 670 391
1018 722 404
1019 745 400
1020 798 418
1021 829 420
1022 724 408
1023 676 464
1024 609 485
1025 584 521
1026 619 476
1027 660 417
1028 718 377
1029 822 349
1030 834 321
1031 801 312
1032 730 331
1033 703 327
1034 654 331
1035 643 358
1036 665 325
1037 713 315
1038 796 319
1039 897 297
1040 912 326
1041 851 321
1042 786 326
1043 679 353
1044 648 407
1045 703 371
1046 757 385
1047 750 407
1048 748 443
1049 789 457
1050 704 495
1051 584 533
1052 525 559
1053 465 490
1054 433 398
1055 520 362
1056 663 331
1057 683 369
1058 664 383
1059 705 371
1060 660 432
1061 600 472
1062 579 413
1063 627 417
1064 684 386
1065 732 350
1066 838 311
1067 964 335
1068 969 381
1069 872 417
1070 752 443
1071 632 443
1072 581 431
1073 583 411
1074 612 345
1075 658 335
1076 741 345
1077 722 347
1078 723 375
1079 710 380
1080 634 381
1081 610 391
1082 642 383
1083 696 344
1084 791 298
1085 842 267
1086 877 280
1087 882 334
1088 864 389
1089 792 414
1090 686 422
1091 676 407
1092 672 400
1093 722 378
1094 763 393
1095 825 387
1096 817 396
1097 811 389
1098 756 419
1099 623 406
1100 519 394
1101 474 428
1102 505 417
1103 517 390
1104 581 404
1105 624 438
1106 538 466
1107 553 464
1108 471 522
1109 460 485
1110 478 473
1111 572 487
1112 625 432
1113 694 382
1114 743 433
1115 763 495
1116 706 481
1117 618 541
1118 590 539
1119 629 460
1120 701 446
1121 744 471
1122 765 477
1123 795 509
1124 672 521
1125 518 532
1126 447 547
1127 386 562
1128 367 508
1129 367 412
1130 460 369
1131 510 356
1132 553 358
1133 590 406
1134 649 467
1135 621 519
1136 615 555
1137 594 528
1138 612 511
1139 683 501
1140 688 458
1141 701 436
1142 728 479
1143 751 490
1144 618 533
1145 580 561
1146 485 580
1147 490 470
1148 527 432
1149 584 381
1150 619 351
1151 632 364
1152 676 428
1153 689 448
1154 667 508
1155 636 540
1156 628 472
1157 661 415
1158 720 423
1159 782 388
1160 861 360
1161 876 391
1162 821 414
1163 619 433
1164 506 428
1165 434 426
1166 446 372
1167 468 373
1168 484 330
1169 512 322
1170 557 348
1171 638 374
1172 690 418
1173 655 470
1174 612 454
1175 655 529
1176 731 516
1177 781 518
1178 779 442
1179 813 432
1180 829 433
1181 732 449
1182 639 474
1183 648 443
1184 611 434
1185 564 425
1186 580 413
1187 652 327
1188 648 328
1189 714 343
1190 751 341
1191 730 359
1192 743 394
1193 775 391
1194 737 424
1195 743 442
1196 822 452
1197 798 451
1198 714 466
1199 678 449
1200 627 455
1201 592 442
1202 511 399
1203 436 299
1204 450 245
1205 484 223
1206 521 229
1207 589 277
1208 723 247
1209 734 249
1210 755 271
1211 849 291
1212 905 323
1213 899 347
1214 962 344
1215 1021 345
1216 1078 373
1217 1063 364
1218 997 382
1219 879 413
1220 722 409
1221 594 424
1222 572 410
1223 569 311
1224 592 268
1225 647 262
1226 733 255
1227 745 277
1228 780 288
1229 811 294
1230 799 288
1231 819 310
1232 826 292
1233 926 261
1234 987 281
1235 999 337
1236 1004 369
1237 886 382
1238 765 388
1239 670 362
1240 633 327
1241 553 266
1242 601 267
1243 628 265
1244 647 233
1245 664 235
1246 730 262
1247 736 282
1248 689 317
1249 725 367
1250 719 377
1251 747 330
1252 838 319
1253 921 351
1254 1017 370
1255 1024 417
1256 958 428
1257 772 423
1258 631 357
1259 572 347
1260 585 334
1261 602 301
1262 673 320
1263 722 303
1264 762 318
1265 763 328
1266 718 314
1267 634 344
1268 569 383
1269 591 374
1270 609 378
1271 694 356
1272 798 345
1273 861 373
1274 868 401
1275 809 474
1276 732 527
1277 668 586
1278 600 555
1279 580 485
1280 615 374
1281 658 342
1282 703 308
1283 780 351
1284 780 400
1285 692 420
1286 607 428
1287 565 409
1288 560 335
1289 615 305
1290 677 255
1291 818 237
1292 892 291
1293 862 331
1294 856 396
1295 796 415
1296 640 388
1297 606 352
1298 585 347
1299 626 353
1300 701 356
1301 755 390
1302 750 419
1303 696 428
1304 704 463
1305 639 516
1306 593 533
1307 597 558
1308 631 506
1309 693 485
1310 740 495
1311 770 453
1312 662 492
1313 632 465
1314 588 457
1315 547 404
1316 596 334
1317 686 309
1318 743 289
1319 832 285
1320 890 297
1321 870 307
1322 849 346
1323 804 328
1324 720 331
1325 673 325
1326 740 342
1327 813 379
1328 849 355
1329 858 400
1330 848 439
1331 763 470
1332 627 460
1333 550 433
1334 508 354
1335 521 299
1336 602 271
1337 683 267
1338 746 264
1339 812 251
1340 851 263
1341 966 251
1342 989 263
1343 932 282
1344 925 298
1345 899 307
1346 865 318
1347 914 322
1348 927 333
1349 954 362
1350 896 371
1351 765 387
1352 704 363
1353 668 292
1354 709 276
1355 787 252
1356 851 216
1357 918 221
1358 866 253
1359 776 259
1360 678 313
1361 722 304
1362 741 317
1363 785 302
1364 891 261
1365 977 288
1366 1047 323
1367 1024 321
1368 880 325
1369 849 358
1370 731 351
1371 693 318
1372 713 306
1373 746 277
1374 793 283
1375 819 316
1376 848 356
1377 863 380
1378 787 353
1379 687 348
1380 680 314
1381 706 307
1382 690 328
1383 757 352
1384 761 402
1385 780 428
1386 719 475
1387 636 495
1388 560 498
1389 547 466
1390 625 433
1391 636 411
1392 680 400
1393 702 404
1394 701 437
1395 666 474
1396 607 522
1397 535 492
1398 520 452
1399 549 407
1400 595 374
1401 647 363
1402 736 359
1403 784 404
1404 767 419
1405 666 398
1406 623 438
1407 577 440
1408 575 411
1409 629 349
1410 665 327
1411 751 338
1412 829 349
1413 878 365
1414 903 399
1415 814 411
1416 792 377
1417 755 351
1418 731 348
1419 717 293
1420 779 315
1421 815 332
1422 793 359
1423 724 357
1424 653 402
1425 592 411
1426 599 445
1427 662 442
1428 696 389
1429 753 359
1430 755 369
1431 792 359
1432 715 408
1433 761 417
1434 736 388
1435 685 315
1436 693 302
1437 788 296
1438 803 297
1439 809 284
1440 886 295
1441 869 338
1442 817 362
1443 816 350
1444 816 362
1445 767 335
1446 788 302
1447 828 307
1448 825 318
1449 791 355
1450 736 369
1451 626 360
1452 569 316
1453 573 322
1454 546 298
1455 571 298
1456 637 294
1457 726 306
1458 786 301
1459 832 338
1460 845 372
1461 800 466
1462 703 507
1463 601 482
1464 595 481
1465 638 463
1466 707 426
1467 765 430
1468 752 412
1469 750 424
1470 785 410
1471 743 380
1472 622 364
1473 644 341
1474 684 333
1475 712 327
1476 776 318
1477 801 363
1478 770 389
1479 736 438
1480 716 496
1481 629 508
1482 616 472
1483 608 470
1484 612 475
1485 664 450
1486 732 445
1487 725 435
1488 632 402
1489 584 350
1490 590 371
1491 587 340
1492 588 315
1493 595 292
1494 665 318
1495 742 301
1496 817 283
1497 816 271
1498 855 320
1499 789 342
1500 763 382
1501 831 409
1502 859 421
1503 793 456
1504 763 451
1505 765 452
1506 743 471
1507 681 461
1508 620 491
1509 604 464
1510 560 376
1511 546 374
1512 562 337
1513 612 282
1514 655 268
1515 723 243
1516 802 231
1517 807 244
1518 789 233
1519 767 228
1520 838 252
1521 870 230
1522 902 253
1523 932 266
1524 968 262
1525 1059 280
1526 1046 305
1527 991 352
1528 879 409
1529 826 373
1530 780 323
1531 722 309
1532 676 302
1533 707 306
1534 771 325
1535 792 315
1536 803 318
1537 760 369
1538 712 349
1539 729 383
1540 721 372
1541 763 390
1542 849 390
1543 873 387
1544 845 400
1545 827 414
1546 757 410
1547 725 377
1548 726 310
1549 730 267
1550 716 234
1551 771 236
1552 759 238
1553 705 285
1554 714 326
1555 704 360
1556 662 348
1557 715 368
1558 787 363
1559 804 361
1560 821 362
1561 856 369
1562 936 343
1563 873 328
1564 860 347
1565 792 344
1566 720 363
1567 690 312
1568 759 247
1569 783 238
1570 751 215
1571 801 214
1572 858 229
1573 854 214
1574 873 246
1575 888 233
1576 924 210
1577 918 252
1578 915 287
1579 888 326
1580 916 415
1581 873 472
1582 833 508
1583 830 513
1584 753 452
1585 730 368
1586 775 305
1587 769 306
1588 694 307
1589 651 281
1590 637 281
1591 672 281
1592 680 315
1593 745 332
1594 793 349
1595 811 352
1596 864 363
1597 930 340
1598 977 342
1599 934 340
1600 865 330
1601 766 315
1602 744 295
1603 668 270
1604 681 225
1605 702 223
1606 764 254
1607 816 275
1608 812 284
1609 824 293
1610 798 309
1611 737 285
1612 740 302
1613 789 304
1614 886 309
1615 892 299
1616 881 323
1617 865 328
1618 821 350
1619 825 380
1620 749 405
1621 650 406
1622 651 352
1623 693 365
1624 736 344
1625 744 341
1626 749 345
1627 763 365
1628 720 380
1629 648 369
1630 610 337
1631 589 358
1632 639 353
1633 673 378
1634 722 397
1635 750 447
1636 765 452
1637 714 493
1638 601 524
1639 619 514
1640 635 434
1641 673 402
1642 665 348
1643 734 374
1644 742 364
1645 724 359
1646 713 353
1647 703 341
1648 773 334
1649 833 267
1650 914 285
1651 923 247
1652 976 252
1653 915 255
1654 928 252
1655 830 304
1656 757 338
1657 758 361
1658 716 346
1659 682 308
1660 753 294
1661 794 314
1662 784 319
1663 771 324
1664 776 305
1665 826 333
1666 736 369
1667 691 361
1668 658 325
1669 684 316
1670 720 354
1671 725 388
1672 707 424
1673 651 402
1674 653 440
1675 661 410
1676 659 396
1677 764 420
1678 821 386
1679 781 352
1680 769 315
1681 781 333
1682 797 344
1683 755 359
1684 764 354
1685 716 357
1686 691 324
1687 732 266
1688 771 246
1689 796 235
1690 823 231
1691 845 252
1692 866 266
1693 827 272
1694 801 251
1695 806 241
1696 887 244
1697 906 268
1698 901 311
1699 829 353
1700 796 377
1701 720 392
1702 700 437
1703 693 415
1704 699 408
1705 668 422
1706 668 440
1707 642 483
1708 609 549
1709 578 553
1710 559 546
1711 530 501
1712 498 507
1713 521 493
1714 476 428
1715 464 441
1716 492 449
1717 505 466
1718 486 482
1719 486 460
1720 495 429
1721 500 443
1722 531 415
1723 539 470
1724 530 463
1725 546 451
1726 560 405
1727 581 437
1728 631 453
1729 620 445
1730 644 464
1731 682 475
1732 646 473
1733 613 457
1734 606 471
1735 559 454
1736 565 458
1737 622 483
1738 665 477
1739 645 522
1740 636 547
1741 612 601
1742 599 556
1743 598 594
1744 619 584
1745 626 535
1746 638 485
1747 611 429
1748 571 450
1749 509 457
1750 505 444
1751 518 475
1752 501 481
1753 482 413
1754 500 346
1755 543 334
1756 549 346
1757 581 351
1758 653 376
1759 650 405
1760 687 430
1761 651 457
1762 646 433
1763 594 441
1764 578 477
1765 609 409
1766 669 409
1767 759 435
1768 779 390
1769 781 380
1770 699 382
1771 656 397
1772 535 365
1773 474 333
1774 460 320
1775 488 344
1776 577 350
1777 599 400
1778 587 405
1779 593 427
1780 605 426
1781 580 429
1782 566 454
1783 575 466
1784 607 438
1785 650 438
1786 654 472
1787 667 530
1788 664 576
1789 598 588
1790 560 593
1791 572 583
1792 551 513
1793 511 480
1794 482 452
1795 473 428
1796 490 421
1797 527 414
1798 542 399
1799 555 423
1800 598 432
1801 611 401
1802 648 396
1803 742 354
1804 748 322
1805 828 312
1806 874 299
1807 859 339
1808 841 352
1809 799 364
1810 749 339
1811 709 372
1812 670 375
1813 634 379
1814 650 376
1815 681 362
1816 702 309
1817 728 302
1818 808 309
1819 770 329
1820 807 384
1821 782 380
1822 768 410
1823 778 454
1824 809 445
1825 820 434
1826 823 425
1827 773 446
1828 673 414
1829 634 423
1830 613 390
1831 614 390
1832 569 335
1833 516 310
1834 507 346
1835 509 344
1836 506 342
1837 541 361
1838 598 383
1839 645 375
1840 726 393
1841 783 391
1842 848 390
1843 835 468
1844 715 483
1845 703 486
1846 721 489
1847 714 468
1848 682 446
1849 663 371
1850 668 392
1851 662 415
1852 586 377
1853 612 344
1854 642 305
1855 721 290
1856 730 296
1857 798 275
1858 777 290
1859 801 296
1860 828 329
1861 902 394
1862 890 433
1863 819 448
1864 788 481
1865 711 470
1866 656 460
1867 640 468
1868 583 429
1869 578 392
1870 575 375
1871 588 372
1872 574 351
1873 556 344
1874 483 343
1875 504 359
1876 526 360
1877 593 345
1878 630 354
1879 702 340
1880 695 336
1881 717 365
1882 669 419
1883 646 492
1884 666 488
1885 656 473
1886 671 509
1887 611 515
1888 614 537
1889 594 504
1890 647 510
1891 617 456
1892 548 451
1893 532 464
1894 533 426
1895 558 386
1896 586 376
1897 615 359
1898 688 391
1899 736 463
1900 727 483
1901 723 477
1902 696 475
1903 661 466
1904 676 502
1905 663 456
1906 668 483
1907 621 530
1908 567 500
1909 481 491
1910 438 511
1911 396 477
1912 393 421
1913 409 383
1914 475 337
1915 503 298
1916 564 316
1917 637 329
1918 659 349
1919 699 400
1920 779 438
1921 805 492
1922 767 519
1923 811 495
1924 818 473
1925 879 482
1926 808 469
1927 758 472
1928 717 466
1929 610 507
1930 555 499
1931 516 468
1932 486 437
1933 531 361
1934 544 338
1935 599 302
1936 604 299
1937 647 327
1938 647 362
1939 648 449
1940 671 473
1941 710 439
1942 720 432
1943 748 428
1944 783 441
1945 800 470
1946 761 459
1947 727 477
1948 661 515
1949 602 509
1950 498 495
1951 489 471
1952 533 377
1953 624 312
1954 687 297
1955 756 329
1956 715 344
1957 702 398
1958 644 479
1959 654 461
1960 703 430
1961 740 416
1962 804 355
1963 852 350
1964 901 323
1965 861 337
1966 803 356
1967 716 344
1968 672 376
1969 619 378
1970 565 376
1971 579 327
1972 640 279
1973 760 243
1974 779 249
1975 812 266
1976 830 311
1977 775 331
1978 789 313
1979 818 310
1980 864 319
1981 917 341
1982 914 349
1983 866 378
1984 788 436
1985 726 450
1986 667 462
1987 662 407
1988 621 380
1989 575 377
1990 537 380
1991 581 363
1992 615 359
1993 627 363
1994 569 383
1995 597 402
1996 595 381
1997 579 363
1998 582 344
1999 690 318
2000 768 311
2001 837 340
2002 851 375
2003 853 410
2004 867 436
2005 843 467
2006 824 489
2007 753 488
2008 699 470
2009 592 478
2010 576 463
2011 565 495
2012 503 500
2013 455 476
2014 422 459
2015 481 421
2016 482 387
2017 465 374
2018 510 366
2019 550 350
2020 616 347
2021 679 367
2022 751 405
2023 800 443
2024 847 474
2025 890 474
2026 806 514
2027 732 464
2028 698 425
2029 700 434
2030 647 454
2031 559 451
2032 536 444
2033 501 446
2034 481 391
2035 532 381
2036 578 324
2037 671 346
2038 768 341
2039 778 344
2040 808 354
2041 806 389
2042 843 428
2043 790 414
2044 756 400
2045 794 378
2046 787 382
2047 752 351
2048 732 357
2049 693 368
2050 715 364
2051 672 371
2052 677 345
2053 686 337
2054 673 327
2055 718 298
2056 749 310
2057 773 320
2058 753 364
2059 762 361
2060 798 343
2061 776 326
2062 777 340
2063 736 346
2064 773 358
2065 743 401
2066 753 382
2067 740 403
2068 692 431
2069 624 403
2070 651 411
2071 621 411
2072 660 375
2073 732 395
2074 736 348
2075 750 351
2076 769 342
2077 701 350
2078 728 340
2079 750 358
2080 765 383
2081 780 374
2082 705 365
2083 712 390
2084 705 378
2085 692 380
2086 665 361
2087 737 342
2088 741 341
2089 781 305
2090 780 326
2091 841 334
2092 849 327
2093 842 308
2094 844 282
2095 792 276
2096 796 277
2097 731 278
2098 689 309
2099 706 304
2100 692 363
2101 631 354
2102 635 339
2103 616 304
2104 613 320
2105 635 322
2106 608 322
2107 635 290
2108 690 276
2109 765 298
2110 795 325
2111 780 347
2112 835 342
2113 819 351
2114 822 375
2115 852 332
2116 828 357
2117 832 323
2118 834 313
2119 849 307
2120 821 324
2121 865 340
2122 822 355
2123 813 356
2124 786 372
2125 743 310
2126 720 277
2127 725 278
2128 747 265
2129 770 244
2130 805 243
2131 826 269
2132 772 286
2133 790 294
2134 789 297
2135 798 296
2136 771 296
2137 745 273
2138 796 305
2139 880 323
2140 867 355
2141 831 399
2142 745 438
2143 694 422
2144 685 412
2145 710 411
2146 721 362
2147 712 341
2148 703 333
2149 688 324
2150 695 334
2151 678 322
2152 684 311
2153 727 285
2154 796 283
2155 877 293
2156 846 308
2157 856 286
2158 865 286
2159 798 289
2160 771 272
2161 752 267
2162 798 270
2163 787 258
2164 768 249
2165 795 254
2166 766 256
2167 767 289
2168 700 323
2169 704 331
2170 691 337
2171 742 382
2172 741 369
2173 765 376
2174 779 418
2175 778 428
2176 717 480
2177 716 472
2178 690 494
2179 621 523
2180 581 526
2181 582 461
2182 520 410
2183 485 430
2184 494 453
2185 475 486
2186 507 442
2187 495 446
2188 558 450
2189 671 399
2190 731 359
2191 730 398
2192 715 419
2193 731 408
2194 707 425
2195 739 409
2196 650 404
2197 708 430
2198 761 418
2199 776 360
2200 803 319
2201 778 300
2202 745 318
2203 705 316
2204 770 303
2205 755 261
2206 808 245
2207 845 244
2208 870 272
2209 863 266
2210 834 249
2211 875 268
2212 829 288
2213 844 269
2214 858 280
2215 862 280
2216 901 292
2217 947 293
2218 935 270
2219 908 260
2220 909 269
2221 922 252
2222 818 270
2223 773 262
2224 719 260
2225 740 229
2226 747 237
2227 772 237
2228 778 244
2229 791 256
2230 854 253
2231 894 272
2232 957 286
2233 903 276
2234 929 300
2235 1014 290
2236 951 279
2237 976 300
2238 903 333
2239 827 330
2240 758 315
2241 724 254
2242 698 222
2243 793 236
2244 775 254
2245 831 274
2246 802 291
2247 802 286
2248 825 284
2249 835 291
2250 826 322
2251 771 320
2252 702 340
2253 725 341
2254 765 298
2255 787 316
2256 779 363
2257 804 360
2258 798 332
2259 746 280
2260 751 281
2261 748 306
2262 760 327
2263 701 315
2264 760 336
2265 809 324
2266 848 294
2267 862 258
2268 804 257
2269 830 218
2270 785 182
2271 800 164
2272 752 165
2273 720 183
2274 749 215
2275 808 238
2276 839 270
2277 856 288
2278 873 290
2279 897 279
2280 934 256
2281 1015 200
2282 1034 216
2283 1003 219
2284 954 250
2285 960 296
2286 854 335
2287 791 313
2288 698 316
2289 680 326
2290 654 324
2291 690 328
2292 718 305
2293 797 288
2294 774 284
2295 781 294
2296 758 353
2297 681 375
2298 706 380
2299 729 357
2300 794 350
2301 828 351
2302 822 342
2303 803 346
2304 755 364
2305 696 359
2306 626 399
2307 580 391
2308 564 429
2309 581 422
2310 556 441
2311 540 442
2312 547 471
2313 574 454
2314 598 448
2315 644 472
2316 691 492
2317 726 431
2318 801 416
2319 800 384
2320 792 374
2321 775 387
2322 739 381
2323 681 396
2324 693 355
2325 684 327
2326 680 304
2327 679 317
2328 695 275
2329 739 289
2330 740 283
2331 742 295
2332 791 313
2333 869 299
2334 848 295
2335 869 317
2336 887 307
2337 922 280
2338 947 284
2339 893 295
2340 920 289
2341 903 293
2342 865 283
2343 782 310
2344 714 326
2345 736 301
2346 774 274
2347 771 262
2348 736 220
2349 787 177
2350 837 189
2351 908 186
2352 935 205
2353 883 191
2354 887 198
2355 933 190
2356 910 213
2357 918 210
2358 941 224
2359 955 245
2360 1003 250
2361 1018 237
2362 1031 263
2363 996 301
2364 909 297
2365 876 314
2366 856 290
2367 840 277
2368 882 222
2369 842 199
2370 788 171
2371 827 183
2372 857 162
2373 856 147
2374 858 158
2375 957 155
2376 1013 144
2377 991 153
2378 1006 155
2379 1033 184
2380 1122 198
2381 1073 197
2382 1054 200
2383 990 231
2384 1041 258
2385 1030 283
2386 926 238
2387 898 233
2388 837 197
2389 821 179
2390 809 133
2391 821 112
2392 803 100
2393 777 92
2394 871 90
2395 941 90
2396 1050 82
2397 1090 84
2398 1114 96
2399 1269 102
2400 1255 125
2401 1257 111
2402 1288 122
2403 1303 143
2404 1183 167
2405 1081 191
2406 941 196
2407 859 216
2408 789 205
2409 751 241
2410 707 245
2411 682 215
2412 712 183
2413 815 186
2414 852 181
2415 908 175
2416 1041 182
2417 1101 186
2418 1157 192
2419 1134 198
2420 1118 222
2421 1064 225
2422 1032 214
2423 933 192
2424 884 184
2425 900 186
2426 835 201
2427 870 172
2428 761 185
2429 707 205
2430 750 211
2431 774 210
2432 759 241
2433 814 233
2434 839 262
2435 896 273
2436 970 287
2437 1046 271
2438 1079 281
2439 1081 253
2440 1000 244
2441 983 258
2442 952 238
2443 886 259
2444 863 217
2445 915 204
2446 926 173
2447 891 179
2448 951 169
2449 882 175
2450 820 174
2451 798 219
2452 829 241
2453 855 253
2454 795 248
2455 828 258
2456 896 320
2457 971 323
2458 994 344
2459 999 356
2460 936 365
2461 933 347
2462 881 340
2463 856 298
2464 828 239
2465 798 239
2466 819 241
2467 829 239
2468 817 243
2469 794 236
2470 849 238
2471 821 219
2472 868 212
2473 973 177
2474 1074 196
2475 1082 217
2476 1080 238
2477 1085 242
2478 1024 290
2479 967 284
2480 885 237
2481 949 209
2482 895 202
2483 849 158
2484 821 181
2485 808 201
2486 848 211
2487 870 216
2488 839 210
2489 870 236
2490 881 222
2491 878 204
2492 920 217
2493 948 241
2494 881 287
2495 877 350
2496 794 386
2497 773 444
2498 766 476
2499 716 448
2500 664 424
2501 634 390
2502 612 351
2503 625 362
2504 615 376
2505 550 366
2506 574 321
2507 567 279
2508 608 295
2509 633 330
2510 707 337
2511 768 329
2512 798 358
2513 841 366
2514 843 441
2515 789 484
2516 704 491
2517 659 461
2518 658 432
2519 706 403
2520 722 361
2521 694 360
2522 699 372
2523 711 383
2524 669 370
2525 620 383
2526 634 349
2527 658 362
2528 684 344
2529 680 359
2530 720 338
2531 739 353
2532 730 368
2533 779 384
2534 760 380
2535 822 438
2536 849 425
2537 792 433
2538 802 415
2539 849 386
2540 795 380
2541 753 332
2542 736 353
2543 687 308
2544 646 296
2545 695 283
2546 691 273
2547 770 268
2548 751 260
2549 744 283
2550 721 307
2551 736 345
2552 792 339
2553 816 333
2554 898 354
2555 934 361
2556 965 403
2557 916 413
2558 837 407
2559 768 411
2560 728 401
2561 688 419
2562 613 362
2563 620 282
2564 619 268
2565 638 269
2566 674 244
2567 716 266
2568 720 308
2569 743 353
2570 795 349
2571 866 334
2572 928 326
2573 983 348
2574 990 425
2575 975 428
2576 909 434
2577 836 477
2578 769 413
2579 719 388
2580 716 320
2581 685 313
2582 663 287
2583 615 285
2584 587 305
2585 632 271
2586 645 284
2587 680 292
2588 713 310
2589 748 301
2590 822 290
2591 891 310
2592 971 334
2593 1000 388
2594 985 373
2595 951 412
2596 948 439
2597 869 478
2598 781 488
2599 757 439
2600 689 364
2601 711 337
2602 707 283
2603 648 283
2604 676 262
2605 683 262
2606 705 230
2607 761 189
2608 849 188
2609 905 193
2610 984 205
2611 1027 222
2612 1068 215
2613 1017 264
2614 955 256
2615 951 297
2616 839 288
2617 756 305
2618 795 325
2619 762 315
2620 769 321
2621 764 314
2622 753 319
2623 712 300
2624 684 305
2625 645 303
2626 680 342
2627 686 323
2628 728 367
2629 762 394
2630 769 440
2631 704 450
2632 730 455
2633 783 467
2634 744 438
2635 733 436
2636 727 416
2637 673 402
2638 700 353
2639 705 368
2640 627 372
2641 594 354
2642 584 360
2643 572 398
2644 609 404
2645 557 376
2646 562 359
2647 649 369
2648 709 386
2649 714 451
2650 704 456
2651 729 486
2652 733 489
2653 752 527
2654 651 574
2655 643 553
2656 601 542
2657 610 520
2658 545 508
2659 483 468
2660 550 384
2661 560 403
2662 556 385
2663 579 346
2664 598 348
2665 591 344
2666 581 337
2667 617 307
2668 649 299
2669 727 322
2670 853 348
2671 952 372
2672 1004 364
2673 947 389
2674 865 429
2675 794 450
2676 761 449
2677 734 398
2678 733 365
2679 734 348
2680 720 335
2681 703 351
2682 718 320
2683 664 290
2684 652 265
2685 650 248
2686 613 268
2687 643 311
2688 698 307
2689 755 289
2690 807 337
2691 927 336
2692 1025 370
2693 1012 360
2694 947 365
2695 911 361
2696 817 354
2697 769 371
2698 670 349
2699 669 314
2700 646 283
2701 645 276
2702 701 212
2703 710 206
2704 718 180
2705 757 196
2706 793 221
2707 777 219
2708 819 249
2709 881 269
2710 925 257
2711 958 246
2712 1003 277
2713 1107 285
2714 1084 354
2715 1010 388
2716 1011 389
2717 910 389
2718 758 352
2719 686 294
2720 642 245
2721 646 233
2722 660 220
2723 697 232
2724 677 227
2725 676 238
2726 677 230
2727 740 259
2728 785 274
2729 840 276
2730 891 284
2731 966 312
2732 1036 347
2733 1059 409
2734 985 465
2735 928 477
2736 834 443
2737 782 426
2738 734 384
2739 671 364
2740 583 330
2741 537 320
2742 567 325
2743 541 337
2744 567 333
2745 606 301
2746 613 292
2747 664 307
2748 773 334
2749 859 345
2750 914 326
2751 964 332
2752 1071 367
2753 1012 370
2754 972 370
2755 931 387
2756 802 397
2757 757 351
2758 656 348
2759 623 305
2760 582 261
2761 625 241
2762 619 195
2763 684 191
2764 665 214
2765 742 213
2766 803 236
2767 842 253
2768 880 242
2769 939 260
2770 984 272
2771 1050 282
2772 1114 312
2773 1056 322
2774 1034 356
2775 1004 355
2776 824 371
2777 719 365
2778 676 368
2779 611 366
2780 632 335
2781 624 290
2782 638 247
2783 698 238
2784 665 230
2785 690 221
2786 818 225
2787 851 197
2788 918 188
2789 944 162
2790 1034 171
2791 1098 227
2792 1113 238
2793 1124 269
2794 1052 267
2795 949 314
2796 841 322
2797 805 323
2798 743 246
2799 668 230
2800 727 230
2801 746 235
2802 787 197
2803 764 209
2804 756 220
2805 836 209
2806 815 244
2807 918 268
2808 1000 312
2809 1083 304
2810 1108 329
2811 1105 363
2812 970 412
2813 827 431
2814 724 463
2815 662 453
2816 628 487
2817 596 410
2818 601 378
2819 598 338
2820 554 346
2821 512 399
2822 535 342
2823 531 351
2824 558 351
2825 647 345
2826 723 393
2827 794 434
2828 851 437
2829 870 472
2830 800 483
2831 795 487
2832 732 508
2833 637 526
2834 550 529
2835 518 492
2836 570 446
2837 583 436
2838 590 399
2839 599 351
2840 599 383
2841 611 369
2842 607 340
2843 660 310
2844 705 296
2845 743 297
2846 768 342
2847 830 374
2848 844 417
2849 840 431
2850 818 492
2851 801 512
2852 743 533
2853 709 519
2854 629 537
2855 598 457
2856 576 433
2857 568 371
2858 527 364
2859 540 347
2860 514 351
2861 517 375
2862 534 388
2863 594 370
2864 666 353
2865 657 378
2866 694 373
2867 772 337
2868 856 348
2869 900 359
2870 942 388
2871 985 457
2872 897 446
2873 851 474
2874 798 451
2875 727 370
2876 694 300
2877 677 245
2878 672 248
2879 714 238
2880 756 249
2881 788 278
2882 776 271
2883 820 264
2884 839 288
2885 854 295
2886 884 296
2887 854 290
2888 884 323
2889 944 336
2890 939 357
2891 857 375
2892 730 387
2893 646 410
2894 600 412
2895 583 365
2896 563 351
2897 512 329
2898 531 319
2899 583 314
2900 658 322
2901 656 313
2902 699 312
2903 698 335
2904 790 341
2905 839 335
2906 926 331
2907 963 322
2908 957 368
2909 940 412
2910 889 441
2911 809 463
2912 689 511
2913 563 547
2914 505 464
2915 520 432
2916 567 423
2917 608 371
2918 576 365
2919 623 408
2920 564 422
2921 503 434
2922 528 415
2923 543 424
2924 597 436
2925 678 429
2926 762 440
2927 774 466
2928 763 490
2929 710 525
2930 668 524
2931 603 558
2932 567 472
2933 590 397
2934 602 358
2935 587 334
2936 675 340
2937 715 320
2938 724 332
2939 697 329
2940 716 285
2941 753 290
2942 732 257
2943 749 221
2944 849 225
2945 928 228
2946 992 194
2947 1046 200
2948 1102 252
2949 1086 303
2950 1018 360
2951 907 356
2952 875 359
2953 878 338
2954 788 330
2955 756 308
2956 783 332
2957 829 380
2958 700 400
2959 654 372
2960 632 337
2961 676 294
2962 776 269
2963 815 228
2964 870 214
2965 938 182
2966 1059 198
2967 1031 237
2968 988 278
2969 882 304
2970 938 317
2971 849 335
2972 853 252
2973 819 244
2974 805 223
2975 772 203
2976 821 223
2977 831 203
2978 833 232
2979 865 237
2980 854 260
2981 900 254
2982 868 238
2983 949 264
2984 970 268
2985 973 300
2986 892 315
2987 870 313
2988 832 366
2989 802 435
2990 753 390
2991 709 365
2992 709 348
2993 672 327
2994 634 344
2995 544 357
2996 553 339
2997 589 347
2998 650 352
2999 730 348
3000 784 366
3001 827 331
3002 871 324
3003 899 347
3004 873 412
3005 759 433
3006 679 437
3007 591 434
3008 599 435
3009 558 492
3010 565 474
3011 623 451
3012 629 432
3013 629 432
3014 636 465
3015 687 413
3016 722 388
3017 725 349
3018 783 317
3019 778 331
3020 843 323
3021 853 317
3022 830 325
3023 806 314
3024 794 293
3025 850 304
3026 778 289
3027 787 262
3028 798 255
3029 863 250
3030 845 261
3031 867 273
3032 804 263
3033 841 276
3034 798 292
3035 847 286
3036 884 293
3037 904 306
3038 921 342
3039 861 334
3040 815 298
3041 847 296
3042 822 271
3043 852 293
3044 864 310
3045 862 303
3046 769 312
3047 794 316
3048 698 328
3049 673 343
3050 685 365
3051 704 349
3052 753 344
3053 793 323
3054 800 364
3055 806 353
3056 822 324
3057 815 346
3058 774 333
3059 714 318
3060 743 279
3061 779 314
3062 752 340
3063 754 399
3064 792 390
3065 760 428
3066 726 453
3067 713 458
3068 660 458
3069 647 472
3070 645 441
3071 698 421
3072 687 426
3073 651 423
3074 650 422
3075 639 381
3076 622 372
3077 600 356
3078 651 344
3079 659 346
3080 683 359
3081 652 397
3082 658 373
3083 687 393
3084 706 430
3085 712 396
3086 724 416
3087 734 415
3088 692 404
3089 645 385
3090 569 401
3091 598 414
3092 589 438
3093 615 424
3094 576 392
3095 579 445
3096 600 487
3097 625 499
3098 615 484
3099 648 480
3100 649 466
3101 671 455
3102 663 467
3103 610 466
3104 615 463
3105 635 449
3106 594 441
3107 550 417
3108 542 402
3109 561 406
3110 570 434
3111 533 436
3112 534 462
3113 598 454
3114 623 437
3115 656 449
3116 660 479
3117 703 493
3118 714 510
3119 660 488
3120 678 477
3121 683 470
3122 647 443
3123 628 391
3124 606 392
3125 575 410
3126 561 432
3127 500 388
3128 547 378
3129 562 351
3130 634 365
3131 685 383
3132 772 397
3133 816 439
3134 825 459
3135 877 428
3136 900 430
3137 897 434
3138 900 412
3139 891 407
3140 822 380
3141 670 381
3142 575 369
3143 537 362
3144 532 341
3145 512 337
3146 570 297
3147 614 330
3148 633 316
3149 676 353
3150 729 424
3151 770 488
3152 792 438
3153 804 451
3154 796 485
3155 833 519
3156 770 526
3157 741 514
3158 702 496
3159 662 474
3160 614 453
3161 602 367
3162 620 306
3163 622 286
3164 616 254
3165 623 255
3166 629 254
3167 700 248
3168 755 273
3169 764 290
3170 781 305
3171 823 277
3172 833 282
3173 890 300
3174 874 339
3175 889 333
3176 888 302
3177 954 288
3178 962 293
3179 930 242
3180 893 234
3181 949 214
3182 941 179
3183 878 168
3184 922 186
3185 950 227
3186 924 214
3187 904 223
3188 891 262
3189 864 261
3190 866 269
3191 855 295
3192 853 333
3193 833 336
3194 850 375
3195 785 402
3196 719 436
3197 714 462
3198 624 441
3199 553 430
3200 510 376
3201 487 338
3202 540 323
3203 575 325
3204 558 334
3205 602 322
3206 627 281
3207 655 306
3208 699 354
3209 765 380
3210 831 424
3211 873 435
3212 831 481
3213 835 455
3214 755 438
3215 700 430
3216 635 439
3217 599 412
3218 618 432
3219 634 376
3220 610 372
3221 617 375
3222 559 365
3223 545 356
3224 564 343
3225 547 342
3226 526 324
3227 573 300
3228 621 326
3229 646 329
3230 687 327
3231 786 354
3232 773 398
3233 740 375
3234 746 432
3235 661 399
3236 644 403
3237 710 420
3238 689 400
3239 775 357
3240 798 372
3241 819 371
3242 779 348
3243 693 326
3244 610 307
3245 567 268
3246 589 266
3247 642 287
3248 756 308
3249 797 319
3250 779 348
3251 781 356
3252 767 365
3253 794 341
3254 782 375
3255 771 386
3256 846 387
3257 866 419
3258 845 441
3259 865 431
3260 805 411
3261 736 424
3262 679 396
3263 610 370
3264 556 387
3265 573 396
3266 579 370
3267 611 387
3268 635 418
3269 630 408
3270 602 459
3271 586 452
3272 622 467
3273 650 461
3274 659 454
3275 718 400
3276 769 396
3277 810 347
3278 793 316
3279 855 296
3280 847 264
3281 835 251
3282 769 275
3283 819 294
3284 859 301
3285 817 323
3286 807 325
3287 805 311
3288 808 345
3289 755 335
3290 749 344
3291 680 379
3292 636 396
3293 647 375
3294 686 381
3295 739 369
3296 810 339
3297 873 350
3298 818 339
3299 836 323
3300 794 335
3301 751 359
3302 716 350
3303 703 339
3304 726 341
3305 717 368
3306 776 368
3307 754 394
3308 752 381
3309 719 361
3310 694 364
3311 670 356
3312 663 322
3313 686 288
3314 696 304
3315 757 271
3316 795 215
3317 854 214
3318 942 247
3319 965 258
3320 907 267
3321 891 302
3322 843 294
3323 896 287
3324 929 287
3325 969 293
3326 890 302
3327 843 309
3328 782 316
3329 727 333
3330 700 339
3331 672 314
3332 728 306
3333 686 318
3334 726 316
3335 673 333
3336 670 327
3337 641 344
3338 641 391
3339 684 383
3340 714 435
3341 737 438
3342 794 389
3343 850 366
3344 862 347
3345 895 284
3346 959 273
3347 944 270
3348 864 245
3349 802 254
3350 774 258
3351 805 253
3352 875 262
3353 882 269
3354 904 231
3355 918 218
3356 925 214
3357 877 215
3358 853 240
3359 882 251
3360 851 238
3361 826 247
3362 841 281
3363 830 273
3364 862 270
3365 835 281
3366 773 300
3367 777 244
3368 783 263
3369 746 262
3370 807 254
3371 863 211
3372 953 231
3373 954 247
3374 889 254
3375 862 278
3376 785 290
3377 869 290
3378 863 303
3379 901 274
3380 882 268
3381 857 287
3382 828 316
3383 753 330
3384 733 330
3385 702 327
3386 665 340
3387 657 332
3388 670 298
3389 716 320
3390 744 356
3391 744 354
3392 768 315
3393 820 353
3394 801 404
3395 760 421
3396 822 397
3397 843 347
3398 768 351
3399 666 376
3400 645 379
3401 646 416
3402 606 452
3403 564 448
3404 552 443
3405 548 441
3406 541 423
3407 605 398
3408 603 420
3409 605 381
3410 606 363
3411 663 309
3412 703 340
3413 760 322
3414 816 339
3415 854 383
3416 808 401
3417 820 378
3418 736 397
3419 672 401
3420 616 392
3421 604 404
3422 612 396
3423 634 389
3424 659 362
3425 670 348
3426 701 368
3427 735 355
3428 696 291
3429 706 293
3430 724 310
3431 681 322
3432 678 320
3433 718 304
3434 799 330
3435 807 306
3436 878 320
3437 839 323
3438 832 348
3439 811 407
3440 805 428
3441 818 431
3442 765 390
3443 742 376
3444 736 334
3445 749 318
3446 728 316
3447 761 299
3448 771 317
3449 771 317
3450 733 331
3451 748 300
3452 800 292
3453 818 283
3454 897 273
3455 889 287
3456 915 297
3457 896 349
3458 832 362
3459 757 399
3460 714 378
3461 647 365
3462 655 390
3463 663 419
3464 679 392
3465 669 374
3466 666 349
3467 665 345
3468 624 358
3469 654 363
3470 680 362
3471 684 315
3472 694 320
3473 693 349
3474 724 329
3475 702 362
3476 715 412
3477 676 413
3478 716 424
3479 716 411
3480 658 399
3481 704 399
3482 726 429
3483 739 448
3484 690 473
3485 662 524
3486 624 436
3487 667 394
3488 681 355
3489 768 363
3490 780 387
3491 782 350
3492 810 379
3493 779 363
3494 715 384
3495 715 423
3496 716 398
3497 741 446
3498 733 486
3499 727 516
3500 696 495
3501 681 507
3502 590 511
3503 558 455
3504 547 434
3505 552 425
3506 546 433
3507 549 431
3508 527 415
3509 514 434
3510 522 437
3511 540 421
3512 596 433
3513 644 461
3514 703 468
3515 734 450
3516 775 505
3517 742 512
3518 700 501
3519 680 485
3520 740 458
3521 721 450
3522 711 460
3523 688 487
3524 619 463
3525 582 437
3526 566 393
3527 625 408
3528 618 418
3529 624 401
3530 581 414
3531 580 398
3532 625 445
3533 671 475
3534 723 492
3535 673 504
3536 694 538
3537 709 540
3538 709 550
3539 664 584
3540 639 567
3541 594 546
3542 531 511
3543 510 514
3544 534 495
3545 539 523
3546 503 488
3547 494 425
3548 532 412
3549 511 378
3550 509 386
3551 509 449
3552 533 424
3553 583 397
3554 623 408
3555 667 385
3556 753 413
3557 785 483
3558 768 482
3559 800 511
3560 712 525
3561 696 520
3562 611 512
3563 601 472
3564 646 466
3565 638 420
3566 620 379
3567 596 373
3568 580 358
3569 599 384
3570 615 394
3571 629 391
3572 663 399
3573 662 429
3574 722 437
3575 725 412
3576 740 405
3577 691 443
3578 652 499
3579 645 559
3580 658 586
3581 668 517
3582 667 467
3583 649 408
3584 613 393
3585 653 390
3586 583 397
3587 590 389
3588 616 390
3589 643 380
3590 680 392
3591 747 321
3592 810 333
3593 839 344
3594 895 362
3595 920 382
3596 866 401
3597 786 449
3598 718 451
3599 663 478
3600 620 490
3601 585 440
3602 535 430
3603 542 398
3604 607 377
3605 672 356
3606 682 316
3607 685 284
3608 796 309
3609 839 311
3610 849 337
3611 862 352
3612 885 389
3613 900 401
3614 821 427
3615 789 451
3616 716 486
3617 712 487
3618 658 501
3619 630 504
3620 570 489
3621 595 440
3622 591 429
3623 571 424
3624 595 453
3625 591 415
3626 561 426
3627 610 374
3628 637 378
3629 655 395
3630 712 402
3631 708 384
3632 705 403
3633 716 420
3634 717 418
3635 787 441
3636 745 426
3637 711 413
3638 702 416
3639 671 437
3640 665 417
3641 662 378
3642 654 348
3643 698 308
3644 742 323
3645 760 321
3646 809 315
3647 895 328
3648 923 388
3649 888 399
3650 860 440
3651 761 394
3652 721 420
3653 716 402
3654 734 395
3655 661 401
3656 603 428
3657 575 409
3658 591 411
3659 544 451
3660 554 469
3661 565 461
3662 601 418
3663 629 428
3664 683 437
3665 671 437
3666 683 449
3667 729 438
3668 705 448
3669 633 467
3670 612 490
3671 567 524
3672 503 560
3673 484 614
3674 458 678
3675 430 655
3676 431 639
3677 374 566
3678 367 584
3679 339 588
3680 363 568
3681 382 538
3682 429 548
3683 431 529
3684 476 523
3685 527 556
3686 516 549
3687 525 546
3688 561 528
3689 588 607
3690 584 644
3691 515 587
3692 524 595
3693 532 512
3694 578 553
3695 592 517
3696 612 503
3697 621 539
3698 594 561
3699 563 545
3700 575 562
3701 561 584
3702 521 608
3703 504 610
3704 500 614
3705 472 594
3706 478 616
3707 444 596
3708 416 587
3709 409 578
3710 408 514
3711 462 487
3712 499 469
3713 572 491
3714 617 477
3715 655 487
3716 711 490
3717 723 554
3718 693 544
3719 674 579
3720 633 569
3721 641 591
3722 635 559
3723 562 527
3724 540 499
3725 518 437
3726 500 427
3727 462 414
3728 462 410
3729 472 423
3730 483 438
3731 471 444
3732 499 447
3733 517 455
3734 588 468
3735 598 452
3736 628 463
3737 655 474
3738 687 534
3739 661 542
3740 640 601
3741 634 642
3742 583 659
3743 551 649
3744 490 575
3745 448 577
3746 417 586
3747 407 545
3748 410 521
3749 390 499
3750 390 561
3751 424 584
3752 427 580
3753 431 521
3754 446 498
3755 488 483
3756 501 501
3757 512 508
3758 547 577
3759 518 605
3760 522 643
3761 532 650
3762 484 595
3763 524 563
3764 508 598
3765 458 642
3766 438 608
3767 418 678
3768 408 684
3769 409 625
3770 383 516
3771 424 467
3772 468 461
3773 488 400
3774 527 377
3775 567 406
3776 561 451
3777 596 517
3778 602 572
3779 639 578
3780 645 598
3781 660 596
3782 701 592
3783 650 638
3784 580 679
3785 522 679
3786 461 692
3787 431 671
3788 442 584
3789 400 507
3790 442 469
3791 455 433
3792 493 409
3793 512 451
3794 512 466
3795 481 484
3796 495 480
3797 551 507
3798 606 492
3799 657 549
3800 679 534
3801 715 557
3802 746 594
3803 678 566
3804 640 539
3805 647 514
3806 522 521
3807 491 486
3808 491 453
3809 510 404
3810 560 414
3811 612 425
3812 579 457
3813 571 467
3814 537 479
3815 595 531
3816 601 586
3817 621 627
3818 638 635
3819 578 592
3820 535 620
3821 499 674
3822 449 707
3823 374 658
3824 365 628
3825 419 569
3826 431 557
3827 476 544
3828 477 522
3829 475 530
3830 514 502
3831 526 488
3832 467 539
3833 451 520
3834 465 489
3835 517 479
3836 546 474
3837 573 495
3838 592 575
3839 613 647
3840 612 733
3841 559 713
3842 504 657
3843 495 677
3844 444 660
3845 412 610
3846 414 580
3847 464 534
3848 508 511
3849 502 505
3850 509 463
3851 534 489
3852 535 479
3853 551 500
3854 579 515
3855 600 504
3856 602 518
3857 598 533
3858 590 568
3859 578 612
3860 539 637
3861 482 594
3862 428 645
3863 370 588
3864 361 562
3865 373 562
3866 399 541
3867 426 548
3868 442 516
3869 425 496
3870 405 498
3871 447 504
3872 454 503
3873 490 524
3874 507 543
3875 555 575
3876 614 625
3877 607 652
3878 624 626
3879 613 646
3880 541 632
3881 497 629
3882 477 600
3883 484 586
3884 526 606
3885 511 574
3886 482 571
3887 511 594
3888 517 557
3889 525 485
3890 542 481
3891 561 458
3892 542 452
3893 593 429
3894 592 456
3895 632 490
3896 602 526
3897 522 580
3898 518 571
3899 496 555
3900 460 593
3901 460 558
3902 451 566
3903 440 548
3904 481 547
3905 455 526
3906 448 500
3907 424 461
3908 479 429
3909 550 477
3910 600 551
3911 638 497
3912 717 518
3913 702 489
3914 697 539
3915 647 529
3916 645 534
3917 594 541
3918 577 560
3919 531 624
3920 477 555
3921 480 531
3922 508 502
3923 519 484
3924 508 438
3925 475 424
3926 526 414
3927 569 411
3928 541 411
3929 530 431
3930 542 420
3931 567 443
3932 605 419
3933 702 414
3934 721 449
3935 738 473
3936 730 503
3937 675 528
3938 616 565
3939 621 595
3940 609 548
3941 672 489
3942 649 383
3943 738 328
3944 767 304
3945 803 365
3946 742 442
3947 727 424
3948 643 461
3949 604 486
3950 539 488
3951 576 487
3952 629 477
3953 627 494
3954 628 519
3955 548 500
3956 511 541
3957 474 479
3958 484 454
3959 574 420
3960 631 372
3961 690 361
3962 726 375
3963 756 390
3964 711 421
3965 707 470
3966 636 519
3967 591 526
3968 574 505
3969 630 450
3970 648 435
3971 675 448
3972 656 426
3973 613 432
3974 495 444
3975 440 434
3976 447 367
3977 452 300
3978 499 266
3979 585 295
3980 655 368
3981 725 362
3982 799 409
3983 844 479
3984 816 521
3985 731 542
3986 736 573
3987 730 554
3988 758 523
3989 703 522
3990 677 513
3991 581 547
3992 443 554
3993 383 543
3994 374 498
3995 362 433
3996 440 364
3997 486 361
3998 566 367
3999 644 363
4000 756 391
4001 781 423
4002 810 407
4003 786 423
4004 743 403
4005 706 396
4006 707 387
4007 755 390
4008 830 401
4009 799 397
4010 748 368
4011 736 374
4012 697 350
4013 665 359
4014 622 310
4015 658 301
4016 731 291
4017 829 247
4018 945 260
4019 966 281
4020 963 311
4021 931 351
4022 800 336
4023 765 309
4024 734 309
4025 790 308
4026 801 284
4027 841 299
4028 821 306
4029 797 338
4030 788 350
4031 703 362
4032 615 415
4033 592 376
4034 547 357
4035 566 344
4036 599 327
4037 635 351
4038 696 380
4039 769 435
4040 716 430
4041 674 494
4042 641 519
4043 633 504
4044 618 533
4045 656 549
4046 720 527
4047 678 531
4048 610 568
4049 556 524
4050 528 529
4051 487 500
4052 494 457
4053 473 456
4054 500 409
4055 510 400
4056 514 369
4057 520 362
4058 536 370
4059 566 417
4060 624 474
4061 627 465
4062 634 502
4063 674 505
4064 701 552
4065 734 563
4066 709 583
4067 649 629
4068 623 585
4069 530 533
4070 528 466
4071 497 469
4072 498 408
4073 507 349
4074 495 330
4075 488 341
4076 505 332
4077 538 391
4078 508 428
4079 543 470
4080 627 494
4081 691 513
4082 768 425
4083 879 438
4084 927 427
4085 994 483
4086 901 470
4087 784 488
4088 730 481
4089 705 411
4090 665 372
4091 654 350
4092 588 358
4093 571 282
4094 549 289
4095 593 323
4096 644 334
4097 706 361
4098 691 391
4099 724 424
4100 787 401
4101 782 378
4102 796 329
4103 884 352
4104 964 302
4105 1002 332
4106 959 318
4107 885 350
4108 743 368
4109 723 365
4110 646 325
4111 611 334
4112 580 283
4113 644 286
4114 688 254
4115 713 291
4116 744 295
4117 772 299
4118 788 337
4119 816 385
4120 860 432
4121 860 498
4122 820 470
4123 828 465
4124 805 483
4125 800 477
4126 799 439
4127 707 392
4128 694 348
4129 691 322
4130 629 339
4131 591 335
4132 572 298
4133 587 301
4134 659 317
4135 709 334
4136 719 345
4137 727 388
4138 756 391
4139 782 421
4140 818 447
4141 865 481
4142 832 489
4143 843 487
4144 804 478
4145 788 485
4146 721 426
4147 621 452
4148 633 448
4149 588 438
4150 581 463
4151 553 431
4152 557 420
4153 606 348
4154 624 371
4155 617 419
4156 624 465
4157 669 462
4158 663 454
4159 690 464
4160 716 455
4161 727 461
4162 743 471
4163 773 498
4164 720 503
4165 736 513
4166 719 504
4167 705 477
4168 627 443
4169 574 422
4170 583 429
4171 582 355
4172 581 308
4173 550 302
4174 605 280
4175 653 298
4176 676 292
4177 695 288
4178 738 289
4179 841 303
4180 946 299
4181 979 318
4182 1011 329
4183 1060 365
4184 1024 397
4185 893 444
4186 824 451
4187 740 444
4188 703 416
4189 634 442
4190 636 439
4191 568 407
4192 558 367
4193 548 314
4194 503 312
4195 504 304
4196 552 301
4197 588 338
4198 677 338
4199 725 360
4200 790 388
4201 883 422
4202 907 449
4203 937 509
4204 836 547
4205 747 541
4206 692 551
4207 670 514
4208 640 487
4209 643 444
4210 566 448
4211 532 405
4212 488 360
4213 471 320
4214 507 342
4215 510 321
4216 567 330
4217 607 331
4218 652 346
4219 700 431
4220 774 443
4221 843 499
4222 871 539
4223 850 584
4224 813 641
4225 824 691
4226 771 708
4227 721 691
4228 550 593
4229 510 449
4230 504 411
4231 499 375
4232 453 336
4233 433 322
4234 418 313
4235 444 335
4236 487 354
4237 584 379
4238 640 397
4239 700 435
4240 743 455
4241 784 491
4242 859 517
4243 794 520
4244 703 503
4245 626 468
4246 604 450
4247 571 449
4248 537 469
4249 537 466
4250 570 477
4251 567 466
4252 558 466
4253 595 446
4254 589 436
4255 571 434
4256 585 479
4257 660 475
4258 672 523
4259 643 559
4260 643 615
4261 602 639
4262 550 657
4263 525 679
4264 472 625
4265 475 603
4266 459 569
4267 430 537
4268 407 543
4269 400 531
4270 368 509
4271 383 499
4272 372 511
4273 430 466
4274 458 457
4275 495 498
4276 536 546
4277 587 594
4278 556 641
4279 510 628
4280 493 753
4281 423 813
4282 342 751
4283 294 664
4284 290 608
4285 280 579
4286 329 485
4287 370 447
4288 394 451
4289 422 464
4290 473 513
4291 489 508
4292 475 463
4293 518 444
4294 553 439
4295 652 417
4296 771 460
4297 832 505
4298 832 542
4299 738 580
4300 662 619
4301 549 672
4302 466 650
4303 436 655
4304 406 565
4305 359 524
4306 358 504
4307 370 492
4308 371 462
4309 433 472
4310 504 459
4311 547 435
4312 580 426
4313 618 449
4314 691 449
4315 746 467
4316 779 536
4317 791 601
4318 764 676
4319 662 629
4320 576 612
4321 532 593
4322 516 608
4323 475 546
4324 449 515
4325 477 482
4326 490 473
4327 486 447
4328 493 472
4329 473 494
4330 477 441
4331 521 424
4332 580 374
4333 652 392
4334 679 422
4335 697 445
4336 656 491
4337 631 529
4338 653 548
4339 604 563
4340 551 621
4341 517 606
4342 472 586
4343 461 604
4344 417 542
4345 416 516
4346 429 488
4347 481 460
4348 469 446
4349 504 426
4350 541 363
4351 565 343
4352 576 293
4353 617 311
4354 671 293
4355 716 303
4356 846 291
4357 901 317
4358 954 363
4359 961 367
4360 978 376
4361 913 397
4362 926 466
4363 788 481
4364 651 431
4365 612 408
4366 632 389
4367 635 313
4368 622 285
4369 658 288
4370 671 260
4371 692 242
4372 668 262
4373 690 284
4374 661 299
4375 686 274
4376 693 260
4377 771 263
4378 860 241
4379 923 252
4380 994 265
4381 1098 280
4382 1112 253
4383 1075 290
4384 994 294
4385 858 304
4386 845 296
4387 746 339
4388 730 373
4389 697 365
4390 657 355
4391 654 367
4392 660 340
4393 642 328
4394 687 340
4395 726 364
4396 779 368
4397 800 418
4398 830 423
4399 788 445
4400 760 460
4401 725 442
4402 690 405
4403 643 379
4404 673 331
4405 682 305
4406 722 290
4407 736 258
4408 791 262
4409 813 269
4410 821 316
4411 802 320
4412 829 323
4413 860 307
4414 897 317
4415 909 334
4416 911 381
4417 913 400
4418 890 416
4419 831 425
4420 709 409
4421 649 412
4422 614 440
4423 595 434
4424 555 400
4425 563 374
4426 610 358
4427 666 331
4428 657 299
4429 708 314
4430 776 288
4431 798 298
4432 818 276
4433 823 292
4434 839 334
4435 838 336
4436 896 366
4437 940 392
4438 840 423
4439 758 461
4440 679 456
4441 578 446
4442 546 421
4443 507 385
4444 521 427
4445 504 441
4446 570 513
4447 596 558
4448 569 537
4449 546 498
4450 559 450
4451 581 433
4452 656 462
4453 703 470
4454 714 505
4455 693 475
4456 649 497
4457 578 491
4458 555 517
4459 533 495
4460 532 476
4461 559 449
4462 619 397
4463 730 392
4464 732 380
4465 755 405
4466 812 409
4467 807 381
4468 780 368
4469 747 394
4470 729 423
4471 686 430
4472 667 420
4473 690 438
4474 656 419
4475 623 452
4476 595 453
4477 517 419
4478 472 414
4479 486 406
4480 519 350
4481 573 313
4482 631 291
4483 662 292
4484 670 356
4485 740 408
4486 722 435
4487 680 461
4488 669 484
4489 664 492
4490 697 534
4491 683 521
4492 654 484
4493 586 479
4494 567 507
4495 544 601
4496 476 595
4497 464 563
4498 471 506
4499 486 470
4500 471 464
4501 456 483
4502 458 463
4503 470 501
4504 477 514
4505 505 508
4506 501 495
4507 545 525
4508 632 478
4509 662 428
4510 722 469
4511 753 473
4512 729 478
4513 694 479
4514 656 514
4515 625 528
4516 606 537
4517 634 487
4518 630 393
4519 676 394
4520 663 392
4521 656 386
4522 658 440
4523 638 436
4524 607 431
4525 578 434
4526 528 397
4527 550 414
4528 582 375
4529 617 349
4530 658 356
4531 700 353
4532 726 346
4533 767 376
4534 765 398
4535 755 398
4536 780 428
4537 754 374
4538 751 390
4539 731 434
4540 725 475
4541 715 489
4542 635 522
4543 583 563
4544 560 541
4545 543 526
4546 502 529
4547 510 489
4548 560 523
4549 568 500
4550 561 474
4551 549 472
4552 561 473
4553 568 531
4554 580 533
4555 618 515
4556 620 540
4557 640 503
4558 680 481
4559 657 486
4560 689 466
4561 646 494
4562 664 487
4563 707 456
4564 703 485
4565 761 476
4566 719 469
4567 677 455
4568 693 416
4569 696 463
4570 670 415
4571 672 397
4572 708 391
4573 681 380
4574 724 349
4575 701 351
4576 704 359
4577 643 360
4578 657 399
4579 665 455
4580 651 439
4581 701 490
4582 721 474
4583 669 436
4584 693 455
4585 629 407
4586 630 331
4587 686 321
4588 690 311
4589 670 277
4590 647 291
4591 752 270
4592 812 278
4593 805 262
4594 823 283
4595 871 273
4596 928 288
4597 918 328
4598 910 360
4599 877 314
4600 850 332
4601 774 377
4602 740 418
4603 717 404
4604 671 394
4605 643 399
4606 594 420
4607 595 438
4608 582 402
4609 672 384
4610 682 406
4611 730 409
4612 697 433
4613 716 402
4614 710 378
4615 712 390
4616 713 386
4617 745 338
4618 745 383
4619 695 400
4620 643 406
4621 578 408
4622 582 355
4623 615 350
4624 626 349
4625 634 335
4626 692 303
4627 683 281
4628 768 296
4629 771 297
4630 801 302
4631 829 320
4632 847 344
4633 795 393
4634 771 456
4635 768 471
4636 761 428
4637 769 433
4638 689 444
4639 666 460
4640 633 399
4641 540 413
4642 519 354
4643 531 372
4644 578 367
4645 633 297
4646 667 258
4647 764 277
4648 834 284
4649 814 240
4650 783 275
4651 783 300
4652 805 326
4653 886 329
4654 978 335
4655 1023 339
4656 1034 331
4657 992 359
4658 916 352
4659 827 404
4660 746 364
4661 728 319
4662 710 275
4663 691 258
4664 696 248
4665 684 210
4666 728 201
4667 740 182
4668 768 181
4669 806 198
4670 875 192
4671 929 206
4672 1032 223
4673 1059 231
4674 1142 221
4675 1210 276
4676 1133 324
4677 1021 351
4678 866 365
4679 705 376
4680 637 437
4681 597 443
4682 572 399
4683 542 315
4684 595 289
4685 607 288
4686 656 273
4687 745 261
4688 772 233
4689 888 245
4690 900 260
4691 857 264
4692 928 206
4693 971 189
4694 1026 186
4695 1033 190
4696 1050 207
4697 1075 219
4698 1023 229
4699 966 261
4700 970 237
4701 953 254
4702 876 248
4703 817 235
4704 746 246
4705 726 247
4706 709 240
4707 716 201
4708 789 160
4709 881 172
4710 921 184
4711 1004 182
4712 1066 202
4713 1093 205
4714 1100 216
4715 1028 239
4716 930 257
4717 918 264
4718 933 254
4719 897 235
4720 823 237
4721 756 216
4722 734 218
4723 686 227
4724 726 252
4725 739 269
4726 767 251
4727 809 249
4728 850 274
4729 867 290
4730 945 296
4731 916 295
4732 940 307
4733 894 333
4734 892 357
4735 805 421
4736 818 392
4737 867 367
4738 794 298
4739 762 292
4740 766 265
4741 742 254
4742 765 281
4743 808 300
4744 752 310
4745 739 335
4746 723 318
4747 697 343
4748 719 382
4749 740 374
4750 800 370
4751 778 387
4752 753 429
4753 795 466
4754 767 452
4755 735 461
4756 707 435
4757 771 412
4758 704 359
4759 656 379
4760 617 402
4761 568 376
4762 601 332
4763 599 343
4764 609 328
4765 587 345
4766 636 317
4767 663 316
4768 707 301
4769 768 339
4770 791 377
4771 767 405
4772 771 454
4773 794 499
4774 795 501
4775 766 498
4776 757 445
4777 727 450
4778 664 510
4779 577 531
4780 585 518
4781 582 474
4782 579 416
4783 603 370
4784 658 334
4785 672 335
4786 655 332
4787 658 337
4788 654 296
4789 650 293
4790 664 304
4791 695 301
4792 664 318
4793 707 335
4794 817 324
4795 807 299
4796 824 299
4797 887 363
4798 951 350
4799 966 339
4800 967 351
4801 905 382
4802 851 416
4803 789 388
4804 761 343
4805 639 333
4806 568 300
4807 570 248
4808 567 237
4809 638 223
4810 689 207
4811 773 193
4812 808 179
4813 880 194
4814 978 206
4815 1037 230
4816 1063 259
4817 1079 246
4818 1085 254
4819 1166 212
4820 1176 177
4821 1108 168
4822 1023 181
4823 966 188
4824 908 191
4825 846 171
4826 772 167
4827 727 178
4828 750 181
4829 751 172
4830 790 169
4831 856 156
4832 905 155
4833 958 180
4834 986 204
4835 1000 219
4836 1001 241
4837 1009 253
4838 1140 275
4839 1118 288
4840 1046 307
4841 1011 338
4842 828 371
4843 669 370
4844 572 322
4845 573 314
4846 569 319
4847 659 305
4848 681 280
4849 717 301
4850 692 315
4851 720 337
4852 706 355
4853 713 357
4854 780 371
4855 837 379
4856 887 332
4857 933 306
4858 964 330
4859 918 397
4860 803 386
4861 676 416
4862 597 389
4863 581 385
4864 569 392
4865 589 366
4866 594 365
4867 610 376
4868 613 381
4869 590 383
4870 631 401
4871 628 399
4872 629 396
4873 698 375
4874 769 346
4875 792 347
4876 817 399
4877 822 400
4878 801 439
4879 750 488
4880 717 499
4881 701 473
4882 630 423
4883 623 394
4884 619 365
4885 631 361
4886 620 418
4887 621 428
4888 581 453
4889 528 454
4890 535 405
4891 570 378
4892 658 367
4893 727 330
4894 794 345
4895 884 351
4896 892 377
4897 896 417
4898 895 429
4899 862 434
4900 729 445
4901 696 386
4902 715 365
4903 738 329
4904 750 309
4905 657 329
4906 637 315
4907 640 298
4908 650 266
4909 700 256
4910 696 245
4911 767 268
4912 907 268
4913 977 298
4914 1090 345
4915 1093 372
4916 993 433
4917 924 427
4918 858 429
4919 786 430
4920 698 382
4921 687 335
4922 644 364
4923 650 367
4924 639 352
4925 570 348
4926 505 339
4927 515 314
4928 572 285
4929 682 274
4930 794 296
4931 842 318
4932 867 381
4933 948 435
4934 983 462
4935 900 490
4936 838 529
4937 756 525
4938 663 457
4939 634 456
4940 665 399
4941 632 373
4942 637 390
4943 646 371
4944 603 397
4945 624 375
4946 644 350
4947 714 331
4948 714 291
4949 765 302
4950 792 356
4951 838 406
4952 847 407
4953 840 409
4954 835 402
4955 743 441
4956 703 431
4957 717 458
4958 655 439
4959 554 449
4960 532 479
4961 511 446
4962 511 419
4963 528 450
4964 575 419
4965 630 445
4966 637 440
4967 703 428
4968 745 433
4969 772 423
4970 770 444
4971 780 460
4972 766 483
4973 731 467
4974 723 446
4975 680 442
4976 657 475
4977 668 461
4978 649 482
4979 569 444
4980 507 414
4981 526 400
4982 542 372
4983 546 364
4984 572 357
4985 610 352
4986 649 368
4987 638 364
4988 666 388
4989 689 419
4990 671 424
4991 737 426
4992 733 425
4993 760 459
4994 765 520
4995 754 571
4996 687 580
4997 628 548
4998 596 519
4999 553 472
5000 542 425
